7.241916080449991577e-01
-7.476088348374156090e-02
-7.912346587933435371e-01
-6.347917984995758989e-01
2.219746824757127257e-01
8.338512425376232162e-01
5.257951212636653437e-01
-3.623358275843207021e-01
-8.507257286174686461e-01
-4.005664488317516314e-01
4.915111834475805463e-01
8.413371791886391504e-01
2.629717569938558874e-01
-6.055129349051366905e-01
-8.059754312676143950e-01
-1.172587770175115701e-01
7.008216961598242589e-01
7.457321490771371408e-01
-3.207413746994932507e-02
-7.744951589013151505e-01
-6.624671229187168997e-01
1.804168806449063800e-01
8.242589252797046795e-01
5.587508549707507211e-01
-3.231899145900253845e-01
-8.485767215942260355e-01
-4.377852044650866192e-01
4.559856457248518402e-01
8.466978251070832462e-01
3.033045420310467311e-01
-5.747044930858897782e-01
-8.186802398535377723e-01
-1.594604647038818934e-01
6.756814478472614738e-01
7.653889059801307626e-01
1.069363059874395630e-02
-7.557992170210438010e-01
-6.884689978911920916e-01
1.384033301155749296e-01
8.125844584407754256e-01
5.902951355253303056e-01
-2.832275958224779178e-01
-8.442841361259899591e-01
-4.738980766774557041e-01
4.193082486869545433e-01
8.499196388361254240e-01
3.428711534718888454e-01
-5.424442978396780690e-01
-8.293169911019949714e-01
-2.012593414171669481e-01
6.488343695564149360e-01
7.831122240800719725e-01
5.343438562846938855e-02
-7.351940607242983816e-01
-7.127317404241692023e-01
9.604016076262512913e-02
7.988573327372712196e-01
6.203482793370571624e-01
-2.425498195671332569e-01
-8.378588156561967981e-01
-5.088138412194951332e-01
3.815716426219561974e-01
8.509944817946718532e-01
3.815716426219711299e-01
-5.088138412194913585e-01
-8.378588156561954658e-01
-2.425498195671376422e-01
6.203482793370581616e-01
7.988573327372707755e-01
9.604016076262367196e-02
-7.127317404241733101e-01
-7.351940607242946069e-01
5.343438562846481582e-02
7.831122240800726386e-01
6.488343695564139368e-01
-2.012593414171683637e-01
-8.293169911019967477e-01
-5.424442978396721848e-01
3.428711534718846266e-01
8.499196388361255350e-01
4.193082486869532111e-01
-4.738980766774569808e-01
-8.442841361259889599e-01
-2.832275958224822476e-01
5.902951355253268639e-01
8.125844584407748705e-01
1.384033301155735141e-01
-6.884689978911930908e-01
-7.557992170210402483e-01
1.069363059873937143e-02
7.653889059801287642e-01
6.756814478472605856e-01
-1.594604647038833645e-01
-8.186802398535365510e-01
-5.747044930858887790e-01
3.033045420310424567e-01
8.466978251070829131e-01
4.559856457248531725e-01
-4.377852044650852870e-01
-8.485767215942259245e-01
-3.231899145900212211e-01
5.587508549707450589e-01
8.242589252797057897e-01
1.804168806449079343e-01
-6.624671229187159005e-01
-7.744951589013144844e-01
-3.207413746994484255e-02
7.457321490771333661e-01
7.008216961598269235e-01
-1.172587770175070321e-01
-8.059754312676138399e-01
-6.055129349051366905e-01
2.629717569938572197e-01
8.413371791886381512e-01
4.915111834475854868e-01
-4.005664488317476346e-01
-8.507257286174686461e-01
-3.623358275843330811e-01
5.257951212636664540e-01
8.338512425376251036e-01
2.219746824757310166e-01
-6.347917984995724572e-01
-7.912346587933490882e-01
-7.476088348376702664e-02
7.241916080449929405e-01
7.241916080450104820e-01
-7.476088348373378933e-02
-7.912346587933368758e-01
-6.347917984995785634e-01
2.219746824757221626e-01
8.338512425376232162e-01
5.257951212636545746e-01
-3.623358275843246989e-01
-8.507257286174689792e-01
-4.005664488317450256e-01
4.915111834475780483e-01
8.413371791886377071e-01
2.629717569938544441e-01
-6.055129349051472376e-01
-8.059754312676129517e-01
-1.172587770175160943e-01
7.008216961598284778e-01
7.457321490771376959e-01
-3.207413746995985138e-02
-7.744951589013157056e-01
-6.624671229187064636e-01
1.804168806449107654e-01
8.242589252797035693e-01
5.587508549707427274e-01
-3.231899145900239412e-01
-8.485767215942270347e-01
-4.377852044650827890e-01
4.559856457248453454e-01
8.466978251070825801e-01
3.033045420310510054e-01
-5.747044930858998812e-01
-8.186802398535356629e-01
-1.594604647038686263e-01
6.756814478472622509e-01
7.653889059801328720e-01
1.069363059873645015e-02
-7.557992170210415805e-01
-6.884689978911842090e-01
1.384033301155763729e-01
8.125844584407723170e-01
5.902951355253249766e-01
-2.832275958224735879e-01
-8.442841361259908473e-01
-4.738980766774545383e-01
4.193082486869662562e-01
8.499196388361254240e-01
3.428711534718930087e-01
-5.424442978396837312e-01
-8.293169911019960816e-01
-2.012593414171537920e-01
6.488343695564158242e-01
7.831122240800761913e-01
5.343438562846190149e-02
-7.351940607242961612e-01
-7.127317404241650944e-01
9.604016076262657242e-02
7.988573327372759936e-01
6.203482793370561632e-01
-2.425498195671288715e-01
-8.378588156561981304e-01
-5.088138412194891380e-01
3.815716426219737389e-01
8.509944817946718532e-01
3.815716426219752377e-01
-5.088138412194876947e-01
-8.378588156561983524e-01
-2.425498195671304258e-01
6.203482793370549420e-01
7.988573327372682220e-01
9.604016076262822388e-02
-7.127317404241643173e-01
-7.351940607242969383e-01
5.343438562846023615e-02
7.831122240800755252e-01
6.488343695564168234e-01
-2.012593414171521544e-01
-8.293169911019956375e-01
-5.424442978396850634e-01
3.428711534718915099e-01
8.499196388361254240e-01
4.193082486869467163e-01
-4.738980766774530395e-01
-8.442841361259912913e-01
-2.832275958224751422e-01
5.902951355253236443e-01
8.125844584407726501e-01
1.384033301155780105e-01
-6.884689978911833208e-01
-7.557992170210424687e-01
1.069363059873478655e-02
7.653889059801320949e-01
6.756814478472633612e-01
-1.594604647038907197e-01
-8.186802398535353298e-01
-5.747044930859011025e-01
3.033045420310495066e-01
8.466978251070823580e-01
4.559856457248468442e-01
-4.377852044650812902e-01
-8.485767215942272568e-01
-3.231899145900254400e-01
5.587508549707415062e-01
8.242589252797040134e-01
1.804168806449124030e-01
-6.624671229187054644e-01
-7.744951589013163717e-01
-3.207413746993734160e-02
7.457321490771369188e-01
7.008216961598293659e-01
-1.172587770174905314e-01
-8.059754312676046251e-01
-6.055129349051313614e-01
2.629717569938528898e-01
8.413371791886373741e-01
4.915111834475991981e-01
-4.005664488317648986e-01
-8.507257286174683131e-01
-3.623358275843263088e-01
5.257951212636534644e-01
8.338512425376283232e-01
2.219746824757004022e-01
-6.347917984995774532e-01
-7.912346587933464237e-01
-7.476088348375953263e-02
7.241916080449841697e-01
7.241916080449938287e-01
-7.476088348374126946e-02
-7.912346587933397624e-01
-6.347917984995896656e-01
2.219746824756827219e-01
8.338512425376246595e-01
5.257951212636677862e-01
-3.623358275843096554e-01
-8.507257286174679800e-01
-4.005664488317811078e-01
4.915111834475840991e-01
8.413371791886401496e-01
2.629717569938703203e-01
-6.055129349051184828e-01
-8.059754312676105092e-01
-1.172587770175086835e-01
7.008216961598189298e-01
7.457321490771458006e-01
-3.207413746991900905e-02
-7.744951589013187032e-01
-6.624671229187168997e-01
1.804168806448945006e-01
8.242589252796994614e-01
5.587508549707735916e-01
-3.231899145900309356e-01
-8.485767215942259245e-01
-4.377852044650970553e-01
4.559856457248312456e-01
8.466978251070866879e-01
3.033045420310440110e-01
-5.747044930858875578e-01
-8.186802398535402148e-01
-1.594604647039087331e-01
6.756814478472374930e-01
7.653889059801295414e-01
1.069363059875312778e-02
-7.557992170210340310e-01
-6.884689978912081898e-01
1.384033301155837836e-01
8.125844584407745375e-01
5.902951355253368559e-01
-2.832275958224578227e-01
-8.442841361259858513e-01
-4.738980766774482656e-01
4.193082486869518233e-01
8.499196388361262011e-01
3.428711534719083298e-01
-5.424442978396524229e-01
-8.293169911019943052e-01
-2.012593414171699457e-01
6.488343695564051661e-01
7.831122240800827417e-01
5.343438562850267443e-02
-7.351940607242998249e-01
-7.127317404241741983e-01
9.604016076260998847e-02
7.988573327372618937e-01
6.203482793370841408e-01
-2.425498195671360324e-01
-8.378588156561952438e-01
-5.088138412195023497e-01
3.815716426219372126e-01
8.509944817946718532e-01
3.815716426219685209e-01
-5.088138412194742610e-01
-8.378588156562013500e-01
-2.425498195671695612e-01
6.203482793370600490e-01
7.988573327372739952e-01
9.604016076264482171e-02
-7.127317404241551024e-01
-7.351940607243175885e-01
5.343438562846772322e-02
7.831122240800690859e-01
6.488343695564278146e-01
-2.012593414171359452e-01
-8.293169911019865337e-01
-5.424442978396792903e-01
3.428711534718762444e-01
8.499196388361244248e-01
4.193082486869822989e-01
-4.738980766774191777e-01
-8.442841361259901811e-01
-2.832275958224908519e-01
5.902951355253115429e-01
8.125844584407849736e-01
1.384033301155706275e-01
-6.884689978911876507e-01
-7.557992170210501293e-01
1.069363059871810892e-02
7.653889059801142203e-01
6.756814478472586982e-01
-1.594604647038743439e-01
-8.186802398535306668e-01
-5.747044930859134260e-01
3.033045420310113149e-01
8.466978251070831352e-01
4.559856457248608885e-01
-4.377852044650670238e-01
-8.485767215942283670e-01
-3.231899145900632431e-01
5.587508549707472794e-01
8.242589252797081212e-01
1.804168806449286955e-01
-6.624671229186950283e-01
-7.744951589013332471e-01
-3.207413746995400883e-02
7.457321490771290362e-01
7.008216961598389139e-01
-1.172587770174740029e-01
-8.059754312675992960e-01
-6.055129349051431298e-01
2.629717569938370136e-01
8.413371791886349316e-01
4.915111834476127983e-01
-4.005664488317501881e-01
-8.507257286174688682e-01
-3.623358275843413523e-01
5.257951212636402527e-01
8.338512425376316539e-01
2.219746824757165282e-01
-6.347917984995662399e-01
-7.912346587933525299e-01
-7.476088348377615822e-02
7.241916080449755100e-01
7.241916080450027104e-01
-7.476088348372465775e-02
-7.912346587933335451e-01
-6.347917984996007679e-01
2.219746824756665682e-01
8.338512425376213288e-01
5.257951212636808869e-01
-3.623358275842945564e-01
-8.507257286174675359e-01
-4.005664488317957628e-01
4.915111834475706099e-01
8.413371791886427031e-01
2.629717569938861965e-01
-6.055129349051068255e-01
-8.059754312676158383e-01
-1.172587770175252120e-01
7.008216961598096040e-01
7.457321490771539052e-01
-3.207413746990234876e-02
-7.744951589013118198e-01
-6.624671229187273358e-01
1.804168806448781526e-01
8.242589252796953536e-01
5.587508549707862482e-01
-3.231899145900154480e-01
-8.485767215942245922e-01
-4.377852044651113217e-01
4.559856457248172568e-01
8.466978251070883532e-01
3.033045420310596096e-01
-5.747044930858752343e-01
-8.186802398535448777e-01
-1.594604647039251089e-01
6.756814478472273899e-01
7.653889059801368688e-01
1.069363059876980368e-02
-7.557992170210262595e-01
-6.884689978912179598e-01
1.384033301155673246e-01
8.125844584407695415e-01
5.902951355253488464e-01
-2.832275958224421686e-01
-8.442841361259837418e-01
-4.738980766774621434e-01
4.193082486869372238e-01
8.499196388361269783e-01
3.428711534719235954e-01
-5.424442978396394333e-01
-8.293169911019981910e-01
-2.012593414171861828e-01
6.488343695563942859e-01
7.831122240800892920e-01
5.343438562851932777e-02
-7.351940607242913872e-01
-7.127317404241833021e-01
9.604016076259343226e-02
7.988573327372562316e-01
6.203482793370954651e-01
-2.425498195671200730e-01
-8.378588156561921352e-01
-5.088138412195158944e-01
3.815716426219223356e-01
8.509944817946718532e-01
3.815716426219833979e-01
-5.088138412194609383e-01
-8.378588156562042366e-01
-2.425498195671856039e-01
6.203482793370486137e-01
7.988573327372796573e-01
9.604016076266136404e-02
-7.127317404241459986e-01
-7.351940607243258041e-01
5.343438562845108375e-02
7.831122240800624246e-01
6.488343695564383617e-01
-2.012593414171197359e-01
-8.293169911019827589e-01
-5.424442978396921688e-01
3.428711534718609788e-01
8.499196388361236476e-01
4.193082486869968428e-01
-4.738980766774052444e-01
-8.442841361259922905e-01
-2.832275958225065615e-01
5.902951355252995524e-01
8.125844584407898585e-01
1.384033301155870588e-01
-6.884689978911777697e-01
-7.557992170210576788e-01
1.069363059870143302e-02
7.653889059801070038e-01
6.756814478472983332e-01
-1.594604647038104506e-01
-8.186802398535129033e-01
-5.747044930858901113e-01
3.033045420310409024e-01
8.466978251070815809e-01
4.559856457248749328e-01
-4.377852044650527019e-01
-8.485767215942296993e-01
-3.231899145899891912e-01
5.587508549706980965e-01
8.242589252797002386e-01
1.804168806448977480e-01
-6.624671229187150123e-01
-7.744951589013200355e-01
-3.207413746997067605e-02
7.457321490771208206e-01
7.008216961597935057e-01
-1.172587770174574606e-01
-8.059754312676250532e-01
-6.055129349051888710e-01
2.629717569938671562e-01
8.413371791886397055e-01
4.915111834475868746e-01
-4.005664488317354777e-01
-8.507257286174693123e-01
-3.623358275843565068e-01
5.257951212637032024e-01
8.338512425376349846e-01
2.219746824756858861e-01
-6.347917984995229412e-01
-7.912346587933408726e-01
-7.476088348374458625e-02
7.241916080449922744e-01
7.241916080450113702e-01
-7.476088348370804604e-02
-7.912346587933274389e-01
-6.347917984995473661e-01
2.219746824756504699e-01
8.338512425376276571e-01
5.257951212637320682e-01
-3.623358275843232557e-01
-8.507257286174683131e-01
-4.005664488317678407e-01
4.915111834475568986e-01
8.413371791886451456e-01
2.629717569939020172e-01
-6.055129349051630028e-01
-8.059754312676368215e-01
-1.172587770174937927e-01
7.008216961597726335e-01
7.457321490771386951e-01
-3.207413746993401094e-02
-7.744951589013048254e-01
-6.624671229187378829e-01
1.804168806449564233e-01
8.242589252796911348e-01
5.587508549707258521e-01
-3.231899145899552739e-01
-8.485767215942269237e-01
-4.377852044650842323e-01
4.559856457248439576e-01
8.466978251070852446e-01
3.033045420310750973e-01
-5.747044930858630218e-01
-8.186802398535230063e-01
-1.594604647039415124e-01
6.756814478472760177e-01
7.653889059801652905e-01
1.069363059873811202e-02
-7.557992170210406924e-01
-6.884689978911993080e-01
1.384033301155508655e-01
8.125844584407646565e-01
5.902951355253609478e-01
-2.832275958225176637e-01
-8.442841361259816324e-01
-4.738980766774357756e-01
4.193082486868807135e-01
8.499196388361254240e-01
3.428711534718946186e-01
-5.424442978396638582e-01
-8.293169911020018548e-01
-2.012593414172023920e-01
6.488343695563835167e-01
7.831122240800578727e-01
5.343438562853597418e-02
-7.351940607243073744e-01
-7.127317404242188292e-01
9.604016076262492096e-02
7.988573327372671118e-01
6.203482793370738158e-01
-2.425498195671040025e-01
-8.378588156561892486e-01
-5.088138412195291060e-01
3.815716426219939450e-01
8.509944817946718532e-01
3.815716426219550872e-01
-5.088138412194088689e-01
-8.378588156561986855e-01
-2.425498195671552115e-01
6.203482793370374004e-01
7.988573327372854305e-01
9.604016076267794799e-02
-7.127317404241367838e-01
-7.351940607242856141e-01
5.343438562838616346e-02
7.831122240800749701e-01
6.488343695564180447e-01
-2.012593414171505446e-01
-8.293169911019899754e-01
-5.424442978397050474e-01
3.428711534718457687e-01
8.499196388361276444e-01
4.193082486870113867e-01
-4.738980766774718023e-01
-8.442841361260005062e-01
-2.832275958224766965e-01
5.902951355253225341e-01
8.125844584407804216e-01
1.384033301156035178e-01
-6.884689978911681107e-01
-7.557992170210653393e-01
1.069363059878149225e-02
7.653889059800995653e-01
6.756814478472495944e-01
-1.594604647037940748e-01
-8.186802398535347747e-01
-5.747044930859023237e-01
3.033045420310253593e-01
8.466978251070798045e-01
4.559856457248890327e-01
-4.377852044650384356e-01
-8.485767215942237041e-01
-3.231899145900941628e-01
5.587508549707584926e-01
8.242589252797284383e-01
1.804168806449140405e-01
-6.624671229187043542e-01
-7.744951589013270299e-01
-3.207413746998734327e-02
7.457321490771129380e-01
7.008216961598578987e-01
-1.172587770175367861e-01
-8.059754312675886379e-01
-6.055129349051325827e-01
2.629717569937592980e-01
8.413371791886370410e-01
4.915111834476004748e-01
-4.005664488317207117e-01
-8.507257286174696453e-01
-3.623358275843715504e-01
5.257951212636140514e-01
8.338512425376189974e-01
2.219746824757953818e-01
-6.347917984995763430e-01
-7.912346587933826170e-01
-7.476088348376121184e-02
7.241916080449833926e-01
7.241916080450201409e-01
-7.476088348369143433e-02
-7.912346587933568598e-01
-6.347917984996228613e-01
2.219746824757277415e-01
8.338512425376050086e-01
5.257951212636691185e-01
-3.623358275843081566e-01
-8.507257286174679800e-01
-4.005664488317825511e-01
4.915111834475432984e-01
8.413371791886475881e-01
2.629717569938258559e-01
-6.055129349050835108e-01
-8.059754312676110644e-01
-1.172587770176061611e-01
7.008216961598180417e-01
7.457321490771465777e-01
-3.207413746991734371e-02
-7.744951589012979420e-01
-6.624671229187483190e-01
1.804168806448455953e-01
8.242589252797110078e-01
5.587508549708113392e-01
-3.231899145900293258e-01
-8.485767215942183750e-01
-4.377852044650984986e-01
4.559856457248299133e-01
8.466978251070867989e-01
3.033045420310907514e-01
-5.747044930858506984e-01
-8.186802398535539815e-01
-1.594604647038628531e-01
6.756814478472070729e-01
7.653889059801304295e-01
1.069363059885152997e-02
-7.557992170210330318e-01
-6.884689978912091890e-01
1.384033301155344065e-01
8.125844584407597715e-01
5.902951355253729382e-01
-2.832275958224106938e-01
-8.442841361259916244e-01
-4.738980766775299780e-01
4.193082486869503245e-01
8.499196388361311971e-01
3.428711534719098286e-01
-5.424442978396510906e-01
-8.293169911020055185e-01
-2.012593414172186013e-01
6.488343695564352531e-01
7.831122240801022816e-01
5.343438562845606588e-02
-7.351940607242503090e-01
-7.127317404241753085e-01
9.604016076260835089e-02
7.988573327372613386e-01
6.203482793370853621e-01
-2.425498195670880153e-01
-8.378588156561863620e-01
-5.088138412194650462e-01
3.815716426218924706e-01
8.509944817946718532e-01
3.815716426220565061e-01
-5.088138412194730398e-01
-8.378588156562015721e-01
-2.425498195671711710e-01
6.203482793370258541e-01
7.988573327372912036e-01
9.604016076269453195e-02
-7.127317404241806376e-01
-7.351940607243427905e-01
5.343438562846607176e-02
7.831122240800305612e-01
6.488343695564288138e-01
-2.012593414171343353e-01
-8.293169911019860896e-01
-5.424442978397178150e-01
3.428711534718305032e-01
8.499196388361219823e-01
4.193082486869416647e-01
-4.738980766773775999e-01
-8.442841361259904032e-01
-2.832275958225836110e-01
5.902951355253104326e-01
8.125844584407853066e-01
1.384033301156199769e-01
-6.884689978911582298e-01
-7.557992170210729999e-01
1.069363059866807603e-02
7.653889059801347594e-01
6.756814478473186503e-01
-1.594604647038727063e-01
-8.186802398535039105e-01
-5.747044930859146472e-01
3.033045420310097606e-01
8.466978251070781392e-01
4.559856457249031325e-01
-4.377852044651071028e-01
-8.485767215942322528e-01
-3.231899145900201109e-01
5.587508549706730054e-01
8.242589252797085653e-01
1.804168806449303331e-01
-6.624671229186939181e-01
-7.744951589013340243e-01
-3.207413747000401050e-02
7.457321490771047223e-01
7.008216961598123795e-01
-1.172587770174244176e-01
-8.059754312676142840e-01
-6.055129349052122967e-01
2.629717569938354593e-01
8.413371791886347095e-01
4.915111834476140751e-01
-4.005664488317060568e-01
-8.507257286174700894e-01
-3.623358275843866494e-01
5.257951212636771121e-01
8.338512425376415349e-01
2.219746824757181103e-01
-6.347917984995007368e-01
-7.912346587933531961e-01
-7.476088348377780968e-02
7.241916080449746218e-01
7.241916080450290227e-01
-7.476088348367482261e-02
-7.912346587933151154e-01
-6.347917984995695706e-01
2.219746824756182457e-01
8.338512425376209958e-01
5.257951212637582694e-01
-3.623358275842931131e-01
-8.507257286174674249e-01
-4.005664488317972616e-01
4.915111834475296981e-01
8.413371791886501416e-01
2.629717569939337696e-01
-6.055129349051395771e-01
-8.059754312676474797e-01
-1.172587770175268496e-01
7.008216961597537598e-01
7.457321490771546824e-01
-3.207413746999736304e-02
-7.744951589012910587e-01
-6.624671229186980259e-01
1.804168806449238105e-01
8.242589252797067889e-01
5.587508549707510541e-01
-3.231899145900139492e-01
-8.485767215942244812e-01
-4.377852044650298868e-01
4.559856457248158135e-01
8.466978251070788053e-01
3.033045420311063500e-01
-5.747044930859096512e-01
-8.186802398535321101e-01
-1.594604647038792289e-01
6.756814478472558116e-01
7.653889059801376460e-01
1.069363059877146901e-02
-7.557992170210698912e-01
-6.884689978912189590e-01
1.384033301156134266e-01
8.125844584407546645e-01
5.902951355253152066e-01
-2.832275958224861889e-01
-8.442841361259895150e-01
-4.738980766774634756e-01
4.193082486869358361e-01
8.499196388361270893e-01
3.428711534718365539e-01
-5.424442978396382120e-01
-8.293169911019876439e-01
-2.012593414172348105e-01
6.488343695564244840e-01
7.831122240800709733e-01
5.343438562847270534e-02
-7.351940607242906101e-01
-7.127317404241841903e-01
9.604016076259176693e-02
7.988573327372889832e-01
6.203482793370966863e-01
-2.425498195671648149e-01
-8.378588156561834754e-01
-5.088138412194783688e-01
3.815716426219640800e-01
8.509944817946718532e-01
3.815716426219849522e-01
-5.088138412194596061e-01
-8.378588156562044587e-01
-2.425498195670944268e-01
6.203482793370144188e-01
7.988573327372635591e-01
9.604016076271108815e-02
-7.127317404241715337e-01
-7.351940607243023784e-01
5.343438562844941842e-02
7.831122240800618695e-01
6.488343695563769664e-01
-2.012593414171181261e-01
-8.293169911020040752e-01
-5.424442978397306936e-01
3.428711534719037779e-01
8.499196388361260901e-01
4.193082486869561532e-01
-4.738980766774441022e-01
-8.442841361259925126e-01
-2.832275958225081158e-01
5.902951355253680532e-01
8.125844584407903026e-01
1.384033301155409845e-01
-6.884689978911484598e-01
-7.557992170210362515e-01
1.069363059874813698e-02
7.653889059801274319e-01
6.756814478472699115e-01
-1.594604647038563305e-01
-8.186802398535256708e-01
-5.747044930858555833e-01
3.033045420309941620e-01
8.466978251070861328e-01
4.559856457249171768e-01
-4.377852044650928365e-01
-8.485767215942262576e-01
-3.231899145900355430e-01
5.587508549707334016e-01
8.242589252797126731e-01
1.804168806449466256e-01
-6.624671229187441002e-01
-7.744951589013409077e-01
-3.207413746992399811e-02
7.457321490770968397e-01
7.008216961598218164e-01
-1.172587770175037292e-01
-8.059754312676089549e-01
-6.055129349051558973e-01
2.629717569938195276e-01
8.413371791886320450e-01
4.915111834475487940e-01
-4.005664488316912908e-01
-8.507257286174680910e-01
-3.623358275844016929e-01
5.257951212636639005e-01
8.338512425376257697e-01
2.219746824757341808e-01
-6.347917984995540275e-01
-7.912346587933237751e-01
-7.476088348379444914e-02
7.241916080450166993e-01
7.241916080450376825e-01
-7.476088348375459214e-02
-7.912346587933446473e-01
-6.347917984995807839e-01
2.219746824756956005e-01
8.338512425376176651e-01
5.257951212636953198e-01
-3.623358275843654996e-01
-8.507257286174669808e-01
-4.005664488317266514e-01
4.915111834475159869e-01
8.413371791886381512e-01
2.629717569938576083e-01
-6.055129349051279197e-01
-8.059754312676217225e-01
-1.172587770175433503e-01
7.008216961597991679e-01
7.457321490771160466e-01
-3.207413746988400927e-02
-7.744951589013242543e-01
-6.624671229187694133e-01
1.804168806449075457e-01
8.242589252797026811e-01
5.587508549707635996e-01
-3.231899145899985171e-01
-8.485767215942232600e-01
-4.377852044651270869e-01
4.559856457248834816e-01
8.466978251070901296e-01
3.033045420310315210e-01
-5.747044930858261624e-01
-8.186802398535366621e-01
-1.594604647038956324e-01
6.756814478472455976e-01
7.653889059801448624e-01
1.069363059878814491e-02
-7.557992170210179328e-01
-6.884689978911718855e-01
1.384033301155014883e-01
8.125844584407784232e-01
5.902951355253969190e-01
-2.832275958224704238e-01
-8.442841361259875166e-01
-4.738980766774773534e-01
4.193082486869212921e-01
8.499196388361230925e-01
3.428711534719403597e-01
-5.424442978396998294e-01
-8.293169911020130680e-01
-2.012593414171570116e-01
6.488343695564137148e-01
7.831122240800395540e-01
5.343438562848935869e-02
-7.351940607243309111e-01
-7.127317404241932941e-01
9.604016076267134217e-02
7.988573327372499033e-01
6.203482793370418413e-01
-2.425498195670560686e-01
-8.378588156561974642e-01
-5.088138412195691851e-01
3.815716426219491475e-01
8.509944817946718532e-01
3.815716426219998847e-01
-5.088138412193686788e-01
-8.378588156562074563e-01
-2.425498195671104418e-01
6.203482793370030945e-01
7.988573327372694433e-01
9.604016076253540923e-02
-7.127317404241624299e-01
-7.351940607242620773e-01
5.343438562843277895e-02
7.831122240800174605e-01
6.488343695564504632e-01
-2.012593414171959250e-01
-8.293169911020220608e-01
-5.424442978398180681e-01
3.428711534717999165e-01
8.499196388361250909e-01
4.193082486868864311e-01
-4.738980766774302800e-01
-8.442841361260067234e-01
-2.832275958225239365e-01
5.902951355253560628e-01
8.125844584407951876e-01
1.384033301155574436e-01
-6.884689978911386898e-01
-7.557992170210439120e-01
1.069363059863472250e-02
7.653889059801201045e-01
6.756814478472211727e-01
-1.594604647038399547e-01
-8.186802398534948066e-01
-5.747044930859392942e-01
3.033045420310689910e-01
8.466978251070942374e-01
4.559856457250129891e-01
-4.377852044649955254e-01
-8.485767215942274788e-01
-3.231899145899614911e-01
5.587508549707207450e-01
8.242589252797408728e-01
1.804168806449629459e-01
-6.624671229187336641e-01
-7.744951589013477911e-01
-3.207413746994066533e-02
7.457321490770887351e-01
7.008216961598312533e-01
-1.172587770173913746e-01
-8.059754312676035148e-01
-6.055129349050997201e-01
2.629717569938037069e-01
8.413371791886151696e-01
4.915111834476412755e-01
-4.005664488317619565e-01
-8.507257286174660926e-01
-3.623358275845043885e-01
5.257951212635746385e-01
8.338512425376289894e-01
2.219746824756569092e-01
-6.347917984995429252e-01
-7.912346587933297704e-01
-7.476088348381104698e-02
7.241916080450078175e-01
