9.850632982450606701e-01
9.262089114625368103e-01
8.120164995868526248e-01
6.493086946134687398e-01
4.478067683667433241e-01
2.195498175482548109e-01
-2.182453385051870767e-02
-2.618949390370286512e-01
-4.863179578414336124e-01
-6.816850314684295142e-01
-8.363236010720025426e-01
-9.409945058762322345e-01
-9.894439935311936107e-01
-9.787773618477580984e-01
-9.096319080106670674e-01
-7.861388521066207113e-01
-6.156765099150024456e-01
-4.084294620988757618e-01
-1.767800580295308122e-01
6.543139005184984980e-02
3.037335214987678667e-01
5.238885448512573539e-01
7.127429004146411673e-01
8.590131434522272347e-01
9.539600939805116253e-01
9.919109748691630202e-01
9.705983421614963191e-01
8.912955576109804490e-01
7.587407093822866599e-01
5.808535264120722186e-01
3.682621998925514339e-01
1.336683827833692051e-01
-1.089116933966198103e-01
-3.449846436490409118e-01
-5.604458629725739272e-01
-7.424222314760458019e-01
-8.800412421883165859e-01
-9.650805986341081111e-01
-9.924594707947653749e-01
-9.605420584788866289e-01
-8.712353251606801408e-01
-7.298750630012752483e-01
-5.449070963041771076e-01
-3.273826704804798093e-01
-9.029817542196398594e-02
1.521813472977268655e-01
3.855685204284106660e-01
5.959192055761528550e-01
7.706656209489497478e-01
8.993672261901255460e-01
9.743345113281973724e-01
9.910884204452231616e-01
9.486279609663619272e-01
8.494900097700678332e-01
6.995977428948030319e-01
5.079067446833228638e-01
2.858699402132006684e-01
4.675331959240210805e-02
-1.951566625916198727e-01
-4.254066573171543242e-01
-6.302399625830260588e-01
-7.974184424282922956e-01
-9.169537164797753048e-01
-9.817039337866622084e-01
-9.878004756110316809e-01
-9.348790930450138204e-01
-8.261016697199993208e-01
-6.679673093555006380e-01
-4.699240350634120156e-01
-2.438043001344297467e-01
-3.118036734717753028e-03
2.377545194040606713e-01
4.644220021539253174e-01
6.633417531653525989e-01
8.226289524622418803e-01
9.327666984874805056e-01
9.871746125837009833e-01
9.826019956070498607e-01
9.193220468216050101e-01
8.011155411156738460e-01
6.350449397741488866e-01
4.310324309670471865e-01
2.012671106876873783e-01
-4.052327681336355403e-02
-2.798925279148335443e-01
-5.025390941646954435e-01
-6.951605541356027373e-01
-8.462483906307983750e-01
-9.467755878401707959e-01
-9.907359667118083024e-01
-9.755030349727535910e-01
-9.019869116559628974e-01
-7.745799503940896669e-01
-6.008943103146240361e-01
-3.913071538374987002e-01
-1.583406443545847253e-01
8.408621304997496160e-02
3.214891877104095186e-01
5.396842099137619808e-01
7.256348237757724862e-01
8.682310738548113527e-01
9.589532895156627212e-01
9.923811080468329937e-01
9.665173240254447684e-01
8.829072159642250561e-01
7.465462208544134670e-01
5.655814727558613475e-01
3.508250375505941876e-01
1.151079265290846920e-01
-1.274865155652059323e-01
-3.624640454164003711e-01
-5.757855058944858495e-01
-7.547056208671051314e-01
-8.885344847530238788e-01
-9.692762502479790321e-01
-9.921068546705049673e-01
-9.556622423040225245e-01
-8.621198623705040864e-01
-7.170685733920065807e-01
-5.291747267391041509e-01
-3.096643798079681265e-01
-7.165257493554613721e-02
1.706402425040208226e-01
4.027378503048935077e-01
6.107731574840320476e-01
7.823167186901034409e-01
9.071193538762477582e-01
9.777245040824312783e-01
9.899137370246835488e-01
9.429587849546846590e-01
8.396650563323847516e-01
6.862040216281316551e-01
4.917444876674594845e-01
2.679047906990808525e-01
2.805863790112112302e-02
-2.134639289207550805e-01
-4.422327075757105375e-01
-6.445794939933078282e-01
-8.084147137743735723e-01
-9.239497356596005906e-01
-9.842817109923920338e-01
-9.858059968854128163e-01
-9.284315221235721616e-01
-8.155862283783281708e-01
-6.540122616381636167e-01
-4.533631505133339235e-01
-2.256270387248950071e-01
1.558956820468682808e-02
2.558747482112214700e-01
4.808722290151367096e-01
6.771391295509153752e-01
8.329491291878673431e-01
9.389930779459275678e-01
9.889351884830382966e-01
9.797915791587736845e-01
9.121085514348977741e-01
7.899299501073400176e-01
6.205555564915672395e-01
4.141049497970409332e-01
1.829128945810457596e-01
-5.920762204891429764e-02
-2.977906723102105024e-01
-5.185816807407022111e-01
-7.083890895679810784e-01
-8.558725121659175317e-01
-9.522202849459321383e-01
-9.916759361209569468e-01
-9.718821165143951557e-01
-8.940214436464666292e-01
-7.627458441134372658e-01
-5.858986158270163003e-01
-3.740458160076231553e-01
-1.398449730026571358e-01
1.027111606169863328e-01
3.391306303444614478e-01
5.552881277462534682e-01
7.382689325392099988e-01
8.771405258910367486e-01
9.636057735132197433e-01
9.924986529421536696e-01
9.620929068863515177e-01
8.742051815877055487e-01
7.340864880090368638e-01
5.501084706954575410e-01
3.332632287432917284e-01
9.650657297660257539e-02
-1.460160423818608610e-01
-3.798146654343352857e-01
-5.909205749678255737e-01
-7.667208669446901048e-01
-8.967120352461616095e-01
-9.731275226254608723e-01
-9.914017477048140403e-01
-9.504428838849675598e-01
-8.526980924983132981e-01
-7.040073127330197522e-01
-5.132543439133517849e-01
-2.918360668558192539e-01
-5.298151663043765280e-02
1.890385100446785038e-01
4.197640893408402518e-01
6.254101045973240458e-01
7.936898630262052556e-01
9.145491863752935879e-01
9.807671159759163704e-01
9.883873419669702010e-01
9.369545801767231730e-01
8.295417738983489331e-01
6.725664953400160018e-01
4.754075161766332935e-01
2.498444558884825584e-01
9.353987109398380351e-03
-2.316953525323697805e-01
-4.589016346590114592e-01
-6.586900093786099974e-01
-8.191237592220073083e-01
-9.306174798978406049e-01
-9.865097775929787538e-01
-9.834612659831336590e-01
-9.216540839031589494e-01
-8.047810131332202577e-01
-6.398248464784204170e-01
-4.366411881946143936e-01
-2.073696131028476275e-01
3.429163424474338667e-02
2.739040659387136922e-01
4.971516042631151100e-01
6.906959216280293967e-01
8.429733630540742206e-01
9.448858376349094090e-01
9.903444004188397543e-01
9.766330474278162033e-01
9.045709882229771015e-01
7.784637007490780025e-01
6.058456927746125320e-01
3.970303391101782653e-01
1.644936903939208384e-01
-7.787093109827514237e-02
-3.155830130976777781e-01
-5.344400177148238562e-01
-7.213659377299093123e-01
-8.651925462727930727e-01
-9.573266627185607058e-01
-9.922635677919833253e-01
-9.679158929677721401e-01
-8.857383340750283329e-01
-7.506407378662737218e-01
-5.706947543510307863e-01
-3.566515814803768447e-01
-1.212996153977065061e-01
1.212996153977053126e-01
3.566515814803691842e-01
5.706947543510295651e-01
7.506407378662729446e-01
8.857383340750244471e-01
9.679158929677702528e-01
9.922635677919834363e-01
9.573266627185628153e-01
8.651925462727971805e-01
7.213659377299102005e-01
5.344400177148308506e-01
3.155830130976856052e-01
7.787093109827634974e-02
-1.644936903939127060e-01
-3.970303391101771551e-01
-6.058456927746116438e-01
-7.784637007490728955e-01
-9.045709882229765464e-01
-9.766330474278159812e-01
-9.903444004188393102e-01
-9.448858376349099641e-01
-8.429733630540713341e-01
-6.906959216280352809e-01
-4.971516042631161092e-01
-2.739040659387216303e-01
-3.429163424475164396e-02
2.073696131028464618e-01
4.366411881946070106e-01
6.398248464784141998e-01
8.047810131332113759e-01
9.216540839031558408e-01
9.834612659831324377e-01
9.865097775929788648e-01
9.306174798978434914e-01
8.191237592220120822e-01
6.586900093786213217e-01
4.589016346590125139e-01
2.316953525323778296e-01
-9.353987109404217695e-03
-2.498444558884813926e-01
-4.754075161766384006e-01
-6.725664953400100066e-01
-8.295417738983482669e-01
-9.369545801767205084e-01
-9.883873419669707561e-01
-9.807671159759164814e-01
-9.145491863752914785e-01
-7.936898630262102516e-01
-6.254101045973360362e-01
-4.197640893408478013e-01
-1.890385100446866362e-01
5.298151663043643850e-02
2.918360668558113713e-01
5.132543439133507857e-01
7.040073127330089831e-01
8.526980924983090793e-01
9.504428838849630079e-01
9.914017477048138183e-01
9.731275226254625377e-01
8.967120352461590560e-01
7.667208669446953229e-01
5.909205749678265729e-01
3.798146654343430018e-01
1.460160423818550879e-01
-9.650657297660136802e-02
-3.332632287432972240e-01
-5.501084706954506576e-01
-7.340864880090360867e-01
-8.742051815877015519e-01
-9.620929068863528499e-01
-9.924986529421536696e-01
-9.636057735132217417e-01
-8.771405258910373037e-01
-7.382689325392201019e-01
-5.552881277462603515e-01
-3.391306303444758807e-01
-1.027111606169875402e-01
1.398449730026489202e-01
3.740458160076220451e-01
5.858986158270039768e-01
7.627458441134320477e-01
8.940214436464598569e-01
9.718821165143949337e-01
9.916759361209569468e-01
9.522202849459305840e-01
8.558725121659216395e-01
7.083890895679819666e-01
5.185816807407093165e-01
2.977906723102116127e-01
5.920762204891551889e-02
-1.829128945810514772e-01
-4.141049497970398785e-01
-6.205555564915662403e-01
-7.899299501073351326e-01
-9.121085514348973300e-01
-9.797915791587735734e-01
-9.889351884830390738e-01
-9.389930779459281229e-01
-8.329491291878757808e-01
-6.771391295509214814e-01
-4.808722290151500878e-01
-2.558747482112225802e-01
-1.558956820469509577e-02
2.256270387248938691e-01
4.533631505133265960e-01
6.540122616381575105e-01
8.155862283783194000e-01
9.284315221235717175e-01
9.858059968854127053e-01
9.842817109923912566e-01
9.239497356596011457e-01
8.084147137743743494e-01
6.445794939933141565e-01
4.422327075757115922e-01
2.134639289207562740e-01
-2.805863790112695516e-02
-2.679047906990796868e-01
-4.917444876674583742e-01
-6.862040216281257710e-01
-8.396650563323765359e-01
-9.429587849546833267e-01
-9.899137370246829937e-01
-9.777245040824313893e-01
-9.071193538762497566e-01
-7.823167186901106573e-01
-6.107731574840413735e-01
-4.027378503048945624e-01
-1.706402425040289828e-01
7.165257493554844093e-02
3.096643798079669607e-01
5.291747267390971565e-01
7.170685733919983651e-01
8.621198623705017550e-01
9.556622423040204151e-01
9.921068546705049673e-01
9.692762502479801423e-01
8.885344847530211032e-01
7.547056208671105715e-01
5.757855058944868487e-01
3.624640454164047565e-01
1.274865155652036841e-01
-1.151079265290834708e-01
-3.508250375506029584e-01
-5.655814727558516886e-01
-7.465462208544034750e-01
-8.829072159642229467e-01
-9.665173240254422149e-01
-9.923811080468329937e-01
-9.589532895156649417e-01
-8.682310738548153495e-01
-7.256348237757804798e-01
-5.396842099137659776e-01
-3.214891877104172901e-01
-8.408621304997264401e-02
1.583406443545800346e-01
3.913071538375040292e-01
6.008943103146117126e-01
7.745799503940866693e-01
9.019869116559594557e-01
9.755030349727532579e-01
9.907359667118086355e-01
9.467755878401680203e-01
8.462483906308044812e-01
6.951605541356035145e-01
5.025390941647025489e-01
2.798925279148313239e-01
4.052327681336477527e-02
-2.012671106876792460e-01
-4.310324309670492959e-01
-6.350449397741371182e-01
-8.011155411156689610e-01
-9.193220468216004582e-01
-9.826019956070491945e-01
-9.871746125837014274e-01
-9.327666984874782852e-01
-8.226289524622503180e-01
-6.633417531653560406e-01
-4.644220021539326448e-01
-2.377545194040618093e-01
3.118036734713012462e-03
2.438043001344320226e-01
4.699240350633985264e-01
6.679673093554971963e-01
8.261016697199946579e-01
9.348790930450133763e-01
9.878004756110312368e-01
9.817039337866616533e-01
9.169537164797744166e-01
7.974184424282941830e-01
6.302399625830323870e-01
4.254066573171522703e-01
1.951566625916227871e-01
-4.675331959239385077e-02
-2.858699402132028888e-01
-5.079067446833096522e-01
-6.995977428947985910e-01
-8.494900097700616159e-01
-9.486279609663611501e-01
-9.910884204452228285e-01
-9.743345113281965952e-01
-8.993672261901319853e-01
-7.706656209489538556e-01
-5.959192055761608486e-01
-3.855685204284118317e-01
-1.521813472977333048e-01
9.029817542196805213e-02
3.273826704804803089e-01
5.449070963041731108e-01
7.298750630012684759e-01
8.712353251606795856e-01
9.605420584788854077e-01
9.924594707947653749e-01
9.650805986341077780e-01
8.800412421883186953e-01
7.424222314760513530e-01
5.604458629725852514e-01
3.449846436490454082e-01
1.089116933966280121e-01
-1.336683827833697602e-01
-3.682621998925486029e-01
-5.808535264120655572e-01
-7.587407093822785553e-01
-8.912955576109792277e-01
-9.705983421614947648e-01
-9.919109748691627981e-01
-9.539600939805122914e-01
-8.590131434522310094e-01
-7.127429004146493829e-01
-5.238885448512591303e-01
-3.037335214987740839e-01
-6.543139005184753221e-02
1.767800580295296464e-01
4.084294620988698776e-01
6.156765099149940079e-01
7.861388521066199342e-01
9.096319080106646249e-01
9.787773618477587645e-01
9.894439935311937218e-01
9.409945058762338999e-01
8.363236010720080937e-01
6.816850314684400614e-01
4.863179578414381643e-01
2.618949390370376995e-01
2.182453385051860359e-02
-2.195498175482505920e-01
-4.478067683667352750e-01
-6.493086946134585258e-01
-8.120164995868505153e-01
-9.262089114625338127e-01
-9.850632982450608921e-01
-9.850632982450611141e-01
-9.262089114625348119e-01
-8.120164995868598412e-01
-6.493086946134710713e-01
-4.478067683667500964e-01
-2.195498175482529790e-01
2.182453385051617845e-02
2.618949390370353680e-01
4.863179578414237869e-01
6.816850314684279599e-01
8.363236010719989899e-01
9.409945058762331227e-01
9.894439935311934997e-01
9.787773618477590976e-01
9.096319080106712862e-01
7.861388521066301482e-01
6.156765099150068865e-01
4.084294620988849767e-01
1.767800580295320334e-01
-6.543139005184510359e-02
-3.037335214987717524e-01
-5.238885448512451415e-01
-7.127429004146477176e-01
-8.590131434522226828e-01
-9.539600939805115143e-01
-9.919109748691623540e-01
-9.705983421614982065e-01
-8.912955576109801159e-01
-7.587407093822799986e-01
-5.808535264120788799e-01
-3.682621998925509343e-01
-1.336683827833861360e-01
1.089116933966115947e-01
3.449846436490430768e-01
5.604458629725832530e-01
7.424222314760590136e-01
8.800412421883176961e-01
9.650805986341040033e-01
9.924594707947653749e-01
9.605420584788931793e-01
8.712353251606875792e-01
7.298750630012798002e-01
5.449070963041751092e-01
3.273826704804959076e-01
9.029817542197045299e-02
-1.521813472977308901e-01
-3.855685204284226009e-01
-5.959192055761476370e-01
-7.706656209489524123e-01
-8.993672261901309861e-01
-9.743345113281960401e-01
-9.910884204452243829e-01
-9.486279609663660350e-01
-8.494900097700702757e-01
-6.995977428948002563e-01
-5.079067446833359645e-01
-2.858699402132051648e-01
-4.675331959239627938e-02
1.951566625916342501e-01
4.254066573171500498e-01
6.302399625830304997e-01
7.974184424283012884e-01
9.169537164797625373e-01
9.817039337866593218e-01
9.878004756110329021e-01
9.348790930450141534e-01
8.261016697200117553e-01
6.679673093555095198e-01
4.699240350634131813e-01
2.438043001344206984e-01
3.118036734729545244e-03
-2.377545194040594778e-01
-4.644220021539304799e-01
-6.633417531653649224e-01
-8.226289524622411031e-01
-9.327666984874727341e-01
-9.871746125836996510e-01
-9.826019956070495276e-01
-9.193220468216120045e-01
-8.011155411156786199e-01
-6.350449397741497748e-01
-4.310324309670386933e-01
-2.012671106876954552e-01
4.052327681336234666e-02
2.798925279148425371e-01
5.025390941646882270e-01
6.951605541356019602e-01
8.462483906308032600e-01
9.467755878401672431e-01
9.907359667118067481e-01
9.755030349727563665e-01
9.019869116559664501e-01
7.745799503940883346e-01
6.008943103146360265e-01
3.913071538375062497e-01
1.583406443545824216e-01
-8.408621304998428747e-02
-3.214891877104016915e-01
-5.396842099137639792e-01
-7.256348237757789255e-01
-8.682310738548210116e-01
-9.589532895156569481e-01
-9.923811080468326606e-01
-9.665173240254458786e-01
-8.829072159642239459e-01
-7.465462208544236811e-01
-5.655814727558653443e-01
-3.508250375505919672e-01
-1.151079265290999021e-01
1.274865155652012416e-01
3.624640454164024250e-01
5.757855058944965077e-01
7.547056208670998023e-01
8.885344847530137757e-01
9.692762502479765896e-01
9.921068546705050784e-01
9.556622423040287417e-01
8.621198623705099706e-01
7.170685733920099114e-01
5.291747267390991549e-01
3.096643798079826704e-01
7.165257493555085566e-02
-1.706402425040265680e-01
-4.027378503049052760e-01
-6.107731574840282729e-01
-7.823167186901091030e-01
-9.071193538762429842e-01
-9.777245040824309452e-01
-9.899137370246853251e-01
-9.429587849546883227e-01
-8.396650563323853067e-01
-6.862040216281479754e-01
-4.917444876674726961e-01
-2.679047906990820738e-01
-2.805863790111528741e-02
2.134639289207401480e-01
4.422327075757094828e-01
6.445794939933121581e-01
8.084147137743808997e-01
9.239497356595898214e-01
9.842817109923892582e-01
9.858059968854147037e-01
9.284315221235726057e-01
8.155862283783367195e-01
6.540122616381698339e-01
4.533631505133287609e-01
2.256270387248824616e-01
-1.558956820467856559e-02
-2.558747482112201932e-01
-4.808722290151479228e-01
-6.771391295509300301e-01
-8.329491291878666770e-01
-9.389930779459226828e-01
-9.889351884830377415e-01
-9.797915791587740175e-01
-9.121085514349039913e-01
-7.899299501073451246e-01
-6.205555564915682387e-01
-4.141049497970548665e-01
-1.829128945810539197e-01
5.920762204891309721e-02
2.977906723102227704e-01
5.185816807406952167e-01
7.083890895679803013e-01
8.558725121659204182e-01
9.522202849459298069e-01
9.916759361209557255e-01
9.718821165143982643e-01
8.940214436464670733e-01
7.627458441134336020e-01
5.858986158270286237e-01
3.740458160076243210e-01
1.398449730026513627e-01
-1.027111606169991559e-01
-3.391306303444602821e-01
-5.552881277462583531e-01
-7.382689325392185475e-01
-8.771405258910361935e-01
-9.636057735132145252e-01
-9.924986529421536696e-01
-9.620929068863532940e-01
-8.742051815877159848e-01
-7.340864880090471889e-01
-5.501084706954644243e-01
-3.332632287432861773e-01
-9.650657297661782708e-02
1.460160423818526731e-01
3.798146654343406703e-01
5.909205749678360098e-01
7.667208669446848868e-01
8.967120352461519506e-01
9.731275226254593180e-01
9.914017477048140403e-01
9.504428838849720007e-01
8.526980924983175170e-01
7.040073127330206404e-01
5.132543439133407936e-01
2.918360668558271365e-01
5.298151663043886017e-02
-1.890385100446842492e-01
-4.197640893408583485e-01
-6.254101045973232686e-01
-7.936898630262086973e-01
-9.145491863752905903e-01
-9.807671159759118185e-01
-9.883873419669721994e-01
-9.369545801767259485e-01
-8.295417738983494882e-01
-6.725664953400324331e-01
-4.754075161766405655e-01
-2.498444558884836963e-01
-9.353987109392543006e-03
2.316953525323617313e-01
4.589016346590103490e-01
6.586900093786195454e-01
8.191237592220185215e-01
9.306174798978329443e-01
9.865097775929770885e-01
9.834612659831346582e-01
9.216540839031567289e-01
8.047810131332292505e-01
6.398248464784268563e-01
4.366411881946091755e-01
2.073696131028350265e-01
-3.429163424473512245e-02
-2.739040659387193544e-01
-4.971516042631262677e-01
-6.906959216280235125e-01
-8.429733630540625633e-01
-9.448858376349048571e-01
-9.903444004188390881e-01
-9.766330474278215323e-01
-9.045709882229833187e-01
-7.784637007490832206e-01
-6.058456927746135312e-01
-3.970303391101923096e-01
-1.644936903939289985e-01
7.787093109827393500e-02
3.155830130976967074e-01
5.344400177148228570e-01
7.213659377299133091e-01
8.651925462727890759e-01
9.573266627185603728e-01
9.922635677919828812e-01
9.679158929677739165e-01
8.857383340750287770e-01
7.506407378662700580e-01
5.706947543510433318e-01
3.566515814803780104e-01
1.212996153977007191e-01
-1.212996153976901165e-01
-3.566515814803680740e-01
-5.706947543510343390e-01
-7.506407378662812713e-01
-8.857383340750112355e-01
-9.679158929677653678e-01
-9.922635677919837693e-01
-9.573266627185631483e-01
-8.651925462728081717e-01
-7.213659377299207476e-01
-5.344400177148317388e-01
-3.155830130976800540e-01
-7.787093109828459314e-02
1.644936903939184514e-01
3.970303391101824286e-01
6.058456927746274090e-01
7.784637007490765592e-01
9.045709882229674426e-01
9.766330474278146490e-01
9.903444004188398653e-01
9.448858376349168475e-01
8.429733630540829914e-01
6.906959216280310621e-01
4.971516042631110022e-01
2.739040659387295684e-01
3.429163424474581529e-02
-2.073696131028521517e-01
-4.366411881945995166e-01
-6.398248464784185296e-01
-8.047810131332230332e-01
-9.216540839031527321e-01
-9.834612659831294401e-01
-9.865097775929811963e-01
-9.306174798978462670e-01
-8.191237592220087516e-01
-6.586900093786275390e-01
-4.589016346590198414e-01
-2.316953525323721397e-01
9.353987109410055040e-03
2.498444558884734268e-01
4.754075161766311286e-01
6.725664953400246615e-01
8.295417738983437150e-01
9.369545801767131810e-01
9.883873419669687577e-01
9.807671159759177026e-01
9.145491863752946982e-01
7.936898630262151366e-01
6.254101045973314843e-01
4.197640893408424723e-01
1.890385100446947131e-01
-5.298151663042818121e-02
-2.918360668558169224e-01
-5.132543439133557817e-01
-7.040073127330130909e-01
-8.526980924982976440e-01
-9.504428838849607875e-01
-9.914017477048134852e-01
-9.731275226254669786e-01
-8.967120352461686039e-01
-7.667208669446916591e-01
-5.909205749678219100e-01
-3.798146654343506068e-01
-1.460160423818632758e-01
9.650657297660718281e-02
3.332632287433027196e-01
5.501084706954555426e-01
7.340864880090400835e-01
8.742051815876975551e-01
9.620929068863508515e-01
9.924986529421534476e-01
9.636057735132237401e-01
8.771405258910410785e-01
7.382689325392255419e-01
5.552881277462672349e-01
3.391306303444703296e-01
1.027111606169817254e-01
-1.398449730026407323e-01
-3.740458160076143845e-01
-5.858986158270200750e-01
-7.627458441134448153e-01
-8.940214436464500869e-01
-9.718821165143902707e-01
-9.916759361209572798e-01
-9.522202849459329155e-01
-8.558725121659257473e-01
-7.083890895679879618e-01
-5.185816807407043205e-01
-2.977906723102061171e-01
-5.920762204892376923e-02
1.829128945810433726e-01
4.141049497970452076e-01
6.205555564915818945e-01
7.899299501073215879e-01
9.121085514348885592e-01
9.797915791587722412e-01
9.889351884830410722e-01
9.389930779459353394e-01
8.329491291878725612e-01
6.771391295509171515e-01
4.808722290151573042e-01
2.558747482112305738e-01
1.558956820468925669e-02
-2.256270387248995035e-01
-4.533631505133192130e-01
-6.540122616381618403e-01
-8.155862283783146260e-01
-9.284315221235688309e-01
-9.858059968854102628e-01
-9.842817109923941432e-01
-9.239497356596040323e-01
-8.084147137743707967e-01
-6.445794939933203738e-01
-4.422327075757190307e-01
-2.134639289207505841e-01
2.805863790113278730e-02
2.679047906990717487e-01
4.917444876674634813e-01
6.862040216281402039e-01
8.396650563323645455e-01
9.429587849546763323e-01
9.899137370246825496e-01
9.777245040824328326e-01
9.071193538762588604e-01
7.823167186901157644e-01
6.107731574840367106e-01
4.027378503048892333e-01
1.706402425040370874e-01
-7.165257493554021140e-02
-3.096643798079725673e-01
-5.291747267391140319e-01
-7.170685733920025839e-01
-8.621198623704906527e-01
-9.556622423040180836e-01
-9.921068546705047453e-01
-9.692762502479849163e-01
-8.885344847530310952e-01
-7.547056208671066857e-01
-5.757855058944821858e-01
-3.624640454164124725e-01
-1.274865155652118720e-01
1.151079265290892717e-01
3.508250375506084540e-01
5.655814727558564625e-01
7.465462208544165756e-01
8.829072159642191719e-01
9.665173240254368858e-01
9.923811080468332158e-01
9.589532895156670511e-01
8.682310738548125739e-01
7.256348237757863640e-01
5.396842099137728610e-01
3.214891877104118501e-01
8.408621304996682921e-02
-1.583406443545718745e-01
-3.913071538374963687e-01
-6.008943103146275888e-01
-7.745799503940815622e-01
-9.019869116559501299e-01
-9.755030349727492611e-01
-9.907359667118091906e-01
-9.467755878401704628e-01
-8.462483906308089221e-01
-6.951605541356095097e-01
-5.025390941646975529e-01
-2.798925279148257728e-01
-4.052327681337303256e-02
2.012671106876849914e-01
4.310324309670545695e-01
6.350449397741416702e-01
8.011155411156558603e-01
9.193220468215974606e-01
9.826019956070479733e-01
9.871746125837037589e-01
9.327666984874860567e-01
8.226289524622470983e-01
6.633417531653517107e-01
4.644220021539399723e-01
2.377545194040698584e-01
-3.118036734718850241e-03
-2.438043001344376570e-01
-4.699240350634036889e-01
-6.679673093555015262e-01
-8.261016697199902170e-01
-9.348790930450106007e-01
-9.878004756110290163e-01
-9.817039337866649840e-01
-9.169537164797774142e-01
-7.974184424282907413e-01
-6.302399625830388263e-01
-4.254066573171597088e-01
-1.951566625916170417e-01
4.675331959238559348e-02
2.858699402131950063e-01
5.079067446833267496e-01
6.995977428948126908e-01
8.494900097700502917e-01
9.486279609663544887e-01
9.910884204452223845e-01
9.743345113281980385e-01
8.993672261901355380e-01
7.706656209489591847e-01
5.959192055761561857e-01
3.855685204284064471e-01
1.521813472977414650e-01
-9.029817542195980873e-02
-3.273826704804858045e-01
-5.449070963041897642e-01
-7.298750630012532659e-01
-8.712353251606689275e-01
-9.605420584788834093e-01
-9.924594707947653749e-01
-9.650805986341132181e-01
-8.800412421883225811e-01
-7.424222314760473562e-01
-5.604458629725920238e-01
-3.449846436490531798e-01
-1.089116933966222250e-01
1.336683827833755611e-01
3.682621998925409978e-01
5.808535264120702202e-01
7.587407093822731152e-01
8.912955576109753419e-01
9.705983421614902129e-01
9.919109748691635753e-01
9.539600939805145119e-01
8.590131434522280118e-01
7.127429004146550451e-01
5.238885448512662357e-01
3.037335214987684773e-01
6.543139005184171741e-02
-1.767800580295214863e-01
-4.084294620988751512e-01
-6.156765099150096621e-01
-7.861388521066150492e-01
-9.096319080106557431e-01
-9.787773618477551008e-01
-9.894439935311941658e-01
-9.409945058762410053e-01
-8.363236010720123126e-01
-6.816850314684357315e-01
-4.863179578414330573e-01
-2.618949390370456931e-01
-2.182453385052687128e-02
2.195498175482563097e-01
4.478067683667530940e-01
6.493086946134630777e-01
8.120164995868375257e-01
9.262089114625309261e-01
9.850632982450597819e-01
