1.108156978890094532e-03
7.992499621379898622e-04
8.062775585724582441e-04
1.031078191408764432e-03
1.911273543163840736e-03
9.091053912366213376e-04
9.664550923008687327e-04
1.044483556748057292e-03
1.048129153599919750e-03
6.809497015231528571e-04
1.559373010031830584e-03
8.347281210868979628e-04
1.063825772172309397e-03
9.389329336192742993e-04
8.757518654393687402e-04
1.141382287004866951e-03
1.530638421289335412e-03
9.293520830621064977e-04
8.930980567809852343e-04
8.582814307489332849e-04
9.875587239517645641e-04
7.946001811673048063e-04
1.275552591852197135e-03
8.248312876373673115e-04
1.310930868245376935e-03
7.647787246351756777e-04
8.988797427738899181e-04
8.201636453616266073e-04
8.913994036136921317e-04
8.033430868980191448e-04
2.119175185482068558e-03
1.196284781416684330e-03
7.353780125442467477e-04
7.949850953619989023e-04
1.068041851202829184e-03
9.505992417578460526e-04
9.746757673039078453e-04
1.142955405288809860e-03
7.632866123993594775e-04
1.051996147528116163e-03
9.140531893244660012e-04
1.211935766294367726e-03
6.540226514620205937e-04
1.139647393771716548e-03
1.279063991852709544e-03
6.299478314483418755e-04
9.080489205369353650e-04
6.653415610324816057e-04
8.444873508538866275e-04
1.864082806036664259e-03
8.335082829404576871e-04
9.056819654540012275e-04
1.138517642708074392e-03
2.071328298190333421e-03
1.203662840758626439e-03
1.126633921233354289e-03
5.263889219923574905e-04
1.070236870276067157e-03
9.632437880832144840e-04
8.207582364547930196e-04
1.097422693958191283e-03
6.507354171748800861e-04
1.123025371980385448e-03
7.477075727204377138e-04
1.053495644878917623e-03
1.315809054152165206e-03
8.618206407908699223e-04
7.766260073601609706e-04
7.672582493410860186e-04
1.091083454969383852e-03
9.379541918504059623e-04
1.206586610343972788e-03
1.492952172523524627e-03
1.130346301201986051e-03
8.385443304773222521e-04
1.488899920840720641e-03
8.832623872097984056e-04
8.959855544196891619e-04
1.502364823174004394e-03
8.494936338767069758e-04
8.660492140196904536e-04
8.140266880986362589e-04
6.862433903610965381e-04
6.485170950504342505e-04
9.585376327979064966e-04
7.334286406286498992e-04
9.167638862436731928e-04
8.361892923135964915e-04
1.022139105716518039e-03
8.180986592006263356e-04
9.885422831578960252e-04
1.120036646665009770e-03
1.051914614199838272e-03
8.864443599983049416e-04
1.144726496784048133e-03
9.066744296144634702e-04
1.060856411918695980e-03
6.176033411467638217e-04
8.754281157754323535e-04
9.934925975207788487e-04
1.747705474101431513e-03
7.823154541765091254e-04
6.524960716106276062e-04
9.050603748777740713e-04
1.121984761975385698e-03
1.002860666540859782e-03
7.652503673396462026e-04
8.317021393149999931e-04
6.910620299579745690e-04
9.328512121214902440e-04
1.038199461389488530e-03
9.398608008488044171e-04
1.138594493695794466e-03
1.052745272106017952e-03
1.179414676267311838e-03
9.221023258862023030e-04
1.156364118885185553e-03
6.831605497118664518e-04
9.601079375506510211e-04
1.112536815453883795e-03
8.267086370717740239e-04
1.308442859144102370e-03
8.871755574453555303e-04
1.325830117905875882e-03
1.284681360251003265e-03
1.163075323095892448e-03
1.101629633696616685e-03
1.659040762684655312e-03
7.704504121781776543e-04
1.484336126631790936e-03
9.093164394380151300e-04
9.589909204100759057e-04
9.316588959927601596e-04
9.927348688984925437e-04
1.336447364671069105e-03
1.059034411053564381e-03
8.836025386004349100e-04
7.502586343085789269e-04
8.302563471601839828e-04
6.832519808563320904e-04
8.276554995833461034e-04
1.142431603138818145e-03
7.497004604961282712e-04
9.141078130367749979e-04
1.153500780466823559e-03
9.713358265308123622e-04
8.814586629188026455e-04
1.668924162154993441e-03
9.077586166427191374e-04
6.415201549210820635e-04
8.716830836846215652e-04
1.262830142285043282e-03
8.386955786529226489e-04
1.177947571449585069e-03
8.722397279353531849e-04
9.086855038064054532e-04
1.058311128998939933e-03
1.550130239509016176e-03
9.849706320571932020e-04
1.809525988725377808e-03
9.694661655902376933e-04
1.659667147113878241e-03
1.009293205574144378e-03
1.248045837093623728e-03
1.048233486890558230e-03
9.080958298662673237e-04
8.540473676180021512e-04
9.175249281048961786e-04
1.205320865623703535e-03
9.906272520566262226e-04
7.599142380552679783e-04
9.434418920834645485e-04
1.054152941252150697e-03
8.136526664542062699e-04
1.102004417427621943e-03
8.404919566516945613e-04
6.810923469797920161e-04
1.082870338255462151e-03
1.137011795741263084e-03
1.409113025016897006e-03
9.231746248988014544e-04
1.011227632099499221e-03
1.686705590856542010e-03
1.380626723969598062e-03
9.415970226470057620e-04
9.586063097556673813e-04
5.362534870055170669e-04
7.405850711318065927e-04
1.531805755883873521e-03
8.379616365858293201e-04
1.029756873114932077e-03
1.049557159138023079e-03
1.007915071787622574e-03
1.309513242632091498e-03
7.170564510053220510e-04
1.009247028201652394e-03
7.353462887670222329e-04
1.098992308648186894e-03
5.194511166665450068e-04
1.091966989845040772e-03
1.093048599205779505e-03
1.566815777999172729e-03
9.564985585193155025e-04
1.120828607726669264e-03
8.185377044067927016e-04
1.043591548468042213e-03
8.191985341035111327e-04
1.244887402444799784e-03
7.096741376059582940e-04
7.450796251260605619e-04
7.371914038849785179e-04
9.934813684315249235e-04
8.481392091761288162e-04
9.687226382275784115e-04
9.371363239866954166e-04
1.169802176482980524e-03
1.044580197146898664e-03
9.094535879658356952e-04
8.519000920681461288e-04
1.033871661390597246e-03
7.861347532926315790e-04
8.192081992929518049e-04
8.758476080596596085e-04
7.363233083163898789e-04
6.413052295199763754e-04
7.740555566589086937e-04
7.770491101088965354e-04
9.105658491677989103e-04
8.129452437965903680e-04
5.710234952851643737e-04
8.851056753807209302e-04
1.331784262983926222e-03
6.775852936178258790e-04
9.287222190208460453e-04
1.202394158620071363e-03
1.095975587673831591e-03
1.710677847186037326e-03
8.277095509107016465e-04
9.249254912592603205e-04
6.855518235710463849e-04
9.583277660958201653e-04
7.392001021116663146e-04
8.882530514525517271e-04
4.743493412867695103e-04
9.277526071622597091e-04
1.192786131681511548e-03
1.010445768898359485e-03
8.485286705235601558e-04
8.678176402979811965e-04
1.403937333172434370e-03
7.521728558229543414e-04
1.090577788616204583e-03
1.492819901551782711e-03
1.147763927975792991e-03
1.198914539375339891e-03
1.262935989443219817e-03
9.174511994562118637e-04
8.503937497536852037e-04
1.059955203740621608e-03
1.771977412678043314e-03
1.526673488878643389e-03
1.195474049227213424e-03
7.059288526256590757e-04
8.382590476967955676e-04
1.148727244974013725e-03
1.065945284735886345e-03
8.574444794163795999e-04
1.167484338414507021e-03
1.068722118501604177e-03
1.266118828081255147e-03
1.330653468164083022e-03
9.102814836710443856e-04
1.047912380088691876e-03
1.138635488047278193e-03
5.804121509122208561e-04
9.853964231838108385e-04
8.395740834930126833e-04
7.879023122917721330e-04
7.392795257352197027e-04
6.533324630430175153e-04
7.740652239342298794e-04
1.429661720909576866e-03
9.327901060450290594e-04
8.818038244950217493e-04
1.882049536118241386e-03
8.805735980383908902e-04
1.225407404699653102e-03
9.127996663435488604e-04
8.697183703965131671e-04
9.569757718168882786e-04
8.691691000029218902e-04
1.330792997820294836e-03
8.691807561333369288e-04
1.397026518968276119e-03
9.447559458334244160e-04
1.032044343066830993e-03
9.856786787773926146e-04
1.246777639161411643e-03
8.237968207239145142e-04
1.457036560871164494e-03
6.389344647252841528e-04
1.059335480709739166e-03
8.213818439842431041e-04
9.649589018808531204e-04
1.074956883772317006e-03
8.983189352335340088e-04
7.631042795555921261e-04
6.832106126637028237e-04
9.260994457454820809e-04
1.111920258206294636e-03
9.414297717420146150e-04
9.586266603199857222e-04
9.901915697399978761e-04
9.461409382372379471e-04
9.495328314854758513e-04
8.744062022500160951e-04
1.118905792866227650e-03
7.408664849033260065e-04
9.655200367918871217e-04
8.461522565127487308e-04
1.448031437249458009e-03
8.993984253799673992e-04
9.440928370141987280e-04
8.353237305200706623e-04
9.190110568233066535e-04
6.999233102079061020e-04
5.268299126821782401e-04
7.490672627871251387e-04
8.845332860443965665e-04
8.282811698117971584e-04
1.026306005594451818e-03
8.759051329235436559e-04
8.651586945835649124e-04
8.777915279532041027e-04
1.005473121965761276e-03
2.233987474947319966e-03
9.372667368939182481e-04
1.479832008432259167e-03
1.363371176556469038e-03
1.434830800442634486e-03
7.411663685024413688e-04
1.006877736223233191e-03
1.296381403155170151e-03
9.957712846440413060e-04
8.571372094392133711e-04
9.817593041721718421e-04
1.035940251199990664e-03
1.040818499282211707e-03
9.770592516859454794e-04
1.112962765657979402e-03
8.978375020878702657e-04
1.072480712477800937e-03
1.138323525043264187e-03
7.268434959505135334e-04
1.150284870078256954e-03
1.103915831241593804e-03
1.096926781661925528e-03
1.637816310174341561e-03
1.208696341437466397e-03
1.138540733820115952e-03
8.797000071406829800e-04
7.391981346993314883e-04
1.156725112357582380e-03
1.107762254039340111e-03
1.203992011588672596e-03
2.270934437047996378e-03
9.915688647629122832e-04
8.895276549843649048e-04
1.350004685848290188e-03
8.455075619794524561e-04
8.451066085232456643e-04
9.412961741409446061e-04
6.836238578783340823e-04
1.003857071214015080e-03
9.567077450021578382e-04
1.364618928187514863e-03
7.600740243265367846e-04
8.907435513343170061e-04
1.053104387718719779e-03
1.222408166045495410e-03
1.039362508534066257e-03
9.140803083602811602e-04
1.258169852583021281e-03
7.525675911506635694e-04
1.125732505914661240e-03
1.109036976466614040e-03
8.202486350951557030e-04
9.961974860899017181e-04
6.807143883715786187e-04
6.908506946436973953e-04
1.054195000531023751e-03
8.022502917483516176e-04
9.894218598140167367e-04
8.722117323809945155e-04
8.276546230760106412e-04
8.545170655928184533e-04
1.035369756090187597e-03
7.441134993505656939e-04
1.413883323239996078e-03
9.997060485229473242e-04
6.286944813793968016e-04
8.092140274947557613e-04
8.452584988301616292e-04
6.044957359852341609e-04
1.562402134526352142e-03
9.144427771747142431e-04
9.273940841212303856e-04
1.013683487196822197e-03
1.079061750992207523e-03
9.121901924531267917e-04
1.118900026568328196e-03
8.354105173307151307e-04
7.047174267935704239e-04
1.219259838345172894e-03
1.435720965274529283e-03
1.093135857265637671e-03
7.060209213022032755e-04
7.372794039056714682e-04
8.620252504673866188e-04
9.251938118838125020e-04
9.021517692680031553e-04
1.146910920040771116e-03
7.832022623555899305e-04
1.076430415726282574e-03
1.032025866315510213e-03
9.866139364747557143e-04
1.046829032276936321e-03
8.466797215523846031e-04
1.166000166599718548e-03
7.590680408988562458e-04
1.266861890814776530e-03
7.730214296322594943e-04
1.038197844697929693e-03
9.371213493898258428e-04
2.696908436080165932e-03
1.368780788075722949e-03
1.140414375534370712e-03
7.394742801964246035e-04
1.335416245547659539e-03
5.631443186421864356e-04
9.149038026451566160e-04
8.204735975171420503e-04
8.030049664507284309e-04
8.570856785184266090e-04
1.076350840801212514e-03
8.111158756288136540e-04
1.104059624523661635e-03
8.897968226180392147e-04
1.077092466147321027e-03
1.067212755960716226e-03
1.368409124761836831e-03
9.730950319737836397e-04
9.663377558033732842e-04
9.212592583822329373e-04
7.556167848957633711e-04
7.433352202932275860e-04
8.163564937090468047e-04
7.416192937785739524e-04
1.221785994657126166e-03
1.122159635461548793e-03
8.734004697237159574e-04
8.535809317166916967e-04
9.627361827668507593e-04
1.287562476322498929e-03
8.992009588243985233e-04
9.791678723621894016e-04
1.078083358333770721e-03
7.280415779147672746e-04
6.968460139245744814e-04
8.446955580789291141e-04
8.825463587042827514e-04
5.270341874870561631e-04
8.290416400576483547e-04
9.231925725091223375e-04
1.017620982218906149e-03
6.343944489087241425e-04
8.370843181845842411e-04
1.141324520358122244e-03
9.037088124060389544e-04
8.506454785357352600e-04
9.388582815909370799e-04
9.896356823635044531e-04
9.237996491584853174e-04
1.108330271485266378e-03
9.878796924135621344e-04
7.356757477731145668e-03
8.299914886275572279e-04
6.985574674974693796e-04
7.943544069418859415e-04
7.108455545141100732e-04
9.425035365274239685e-04
1.247585957399104713e-03
8.725630742338395893e-04
7.814921010207537787e-04
8.206261188059128884e-04
1.023936337843224346e-03
1.256641253749833393e-03
1.391238129828641264e-03
9.063321508249639908e-04
9.945729005875567769e-04
9.706481253488779323e-04
1.272870969680459574e-03
6.762696243359689503e-04
9.641517823785145189e-04
1.089129102210886985e-03
7.926922404385163250e-04
1.069930107131549695e-03
7.212384866357710901e-04
9.360845747603966163e-04
8.887832687336290772e-04
1.334421083108031222e-03
9.491619783338202214e-04
1.420170861198476577e-03
7.221719120734048335e-04
7.439335839522084274e-04
7.962571654938337823e-04
9.247451207417228640e-04
1.012082473270387376e-03
9.357682226741651475e-04
1.298954166464742115e-03
1.144928733989121136e-03
5.835413041882763765e-04
9.676312569914041154e-04
1.031170008655367745e-03
8.438333226074101832e-04
8.635694858130696892e-04
1.013117838965611620e-03
1.155885435181623752e-03
9.104738439564884298e-04
1.707646748899923142e-03
8.537933144535372540e-04
9.943322300439512342e-04
7.141349408115384330e-04
9.038411098816539688e-04
1.568927055851555927e-03
9.870943725582234131e-04
1.478044468618686580e-03
1.070689293810729104e-03
1.404056150080488716e-03
9.094454047688064081e-04
1.073877072889838687e-03
9.774075110469679969e-04
9.814463671828123348e-04
1.221074762880975132e-03
1.034320812137991003e-03
1.198110095796601831e-03
1.167920046339996102e-03
1.255731497345018415e-03
1.166098751417327843e-03
7.507110784355723165e-04
8.823274808745593806e-04
1.073622146190722926e-03
1.104744571043480466e-03
6.979757061446952189e-04
1.021900497501002049e-03
1.086305865260261093e-03
1.097872561360926881e-03
9.860792696418463430e-04
6.869703696809165930e-04
7.366031148804577482e-04
8.800316786501448472e-04
8.686470194908914918e-04
5.236406809761139525e-04
1.265574546698620614e-03
7.093857357999479741e-04
8.017990554000655693e-04
1.035972444753890205e-03
7.345943493542624048e-04
6.309489922969539061e-04
9.102624020507414475e-04
1.044719092584092245e-03
1.158879196111985404e-03
2.220419180528507459e-03
6.242055409072414874e-04
9.956087354006464517e-04
8.022376060793324701e-04
9.950402992675365203e-04
6.306382122876507713e-04
1.072857134502860866e-03
5.941327600166353834e-04
1.210280070933425359e-03
1.036541004368433765e-03
8.307235121343698597e-04
9.893878585988094467e-04
6.961721814982757203e-04
6.993410709966402326e-04
6.950297416777688995e-04
7.568854280012697350e-04
8.575810074063173680e-04
9.338863455179201387e-04
1.040690505668045128e-03
7.338949276580032741e-04
1.188482024645004824e-03
1.298283368744155338e-03
9.469827933549445319e-04
1.161978408239931803e-03
1.126833049184660512e-03
9.430386890071191467e-04
8.369559207607717849e-04
1.109973775150870567e-03
6.370550395195781262e-04
1.436629465725098708e-03
1.013347862638132313e-03
8.258470077918359659e-04
8.235441805122798754e-04
8.500931814920298542e-04
9.856802955654578053e-04
1.004971627980708569e-03
1.028248193324394523e-03
1.084604322664426074e-03
9.920623228655230975e-04
9.690213535672473431e-04
9.155797688474953504e-04
7.499808529397484786e-04
1.099045127885742460e-03
1.110590622656005373e-03
1.521151920117342661e-03
9.186345968703278891e-04
1.238768955663968651e-03
1.065072784551217636e-03
7.465053132463680356e-04
9.641035116941770559e-04
5.488533940307868111e-04
7.118993696784976614e-04
6.970142468244024201e-04
8.756412482200722370e-04
1.167739054778301790e-03
9.192421409625287781e-04
1.074019685964060352e-03
7.576981522042234088e-04
1.053069630747194068e-03
9.042142888400612165e-04
1.224578179562435488e-03
1.188175683068942419e-03
7.489332462173442766e-04
6.773947045837262152e-04
8.438719977000748440e-04
9.624415414684829757e-04
9.846138750502875063e-04
1.019559870290734404e-03
9.090029243451127217e-04
7.707174546709532042e-04
1.096347326671727115e-03
1.162674926648077974e-03
1.153280710106474941e-03
9.453043955039016569e-04
1.004788001393367358e-03
1.218556852034053751e-03
1.067722063490573374e-03
1.062399862557762524e-03
9.310145501274205877e-04
1.429703196474139525e-03
7.991679460101540431e-04
6.897168247147701572e-04
9.491596928950640083e-04
9.487255571459507746e-04
9.583673811964555939e-04
1.239879651842227485e-03
7.704781090213917456e-04
8.601677559096660309e-04
7.121652631717086644e-04
8.671908211430141497e-04
8.673901114842725527e-04
9.608540176412971954e-04
6.032553803694050507e-04
1.041349156389358935e-03
7.272681984935281362e-04
7.789494657680562026e-04
6.965823034252860424e-04
1.147852387047454403e-03
5.715524677611873335e-04
8.773865199529547881e-04
9.254776435132225972e-04
9.048819803827760043e-04
5.794325682179108251e-04
8.191601360369304020e-04
9.517411339067889577e-04
9.668523549105731852e-04
1.900964863721248382e-03
1.178100640724724429e-03
1.704007658165037882e-03
1.197919589660145778e-03
9.621890323564612733e-04
1.512229972771179064e-03
1.787076437523633064e-03
8.403299777644782260e-04
1.104019257127125718e-03
1.060586253995175234e-03
7.452211512209568848e-04
7.908521666812487558e-04
5.838974896216684012e-04
6.636157641542043181e-04
1.288494236742092998e-03
7.994729904569992593e-04
8.076039271352052507e-04
1.267075081642394119e-03
9.419734387779003272e-04
1.147282925274783994e-03
7.874345402558175638e-04
9.267383095215506184e-04
1.021608072502602034e-03
1.054420596371700861e-03
9.748118897228640837e-04
8.274593683078809454e-04
9.407658501789774395e-04
1.067354049372727653e-03
8.403004506901796088e-04
8.073226610785973201e-04
9.871526985333084914e-04
8.860449797302356358e-04
6.631709135843308345e-04
8.995455983577822345e-04
7.695106267994985313e-04
6.681730103749276839e-04
1.017145741239635108e-03
7.315629520093962831e-04
6.727084904165220054e-04
1.556729107390509431e-03
5.562928275444562528e-04
8.799670000646350916e-04
7.891360842066806516e-04
8.433132005063004137e-04
1.489210660631658245e-03
9.370884265978241066e-04
1.644431075545943000e-03
1.329101288547895931e-03
7.468762603549928235e-04
8.799789919291011505e-04
1.192232987321477497e-03
9.945099872411219434e-04
8.647643745850754852e-04
7.618739330310464550e-04
7.618179183732540997e-04
1.712662761426782948e-03
9.555774500536516700e-04
1.066695499191920972e-03
8.270857742678861067e-04
1.046351272678517188e-03
1.120123016974800250e-03
7.121614395681544456e-04
1.129417601871792387e-03
9.986177959385286653e-04
9.939723152316700620e-04
9.468674722060803350e-04
9.218454623056363938e-04
8.525933481555870563e-04
8.898733206972233439e-04
8.232150215709685068e-04
1.175921660044627589e-03
6.246191951506358626e-04
1.262924810268684084e-03
9.463264835918481447e-04
1.036015643992699601e-03
1.296498514162426488e-03
1.075718256573531548e-03
1.303380483056345825e-03
7.180333102777740426e-04
9.370347286258545304e-04
1.121976396996476498e-03
1.006781799481999478e-03
1.144016490916745709e-03
9.853004013644418337e-04
1.155037789423220621e-03
1.080614957860984030e-03
9.282967122199092466e-04
1.014552097682446061e-03
1.024859153518843180e-03
1.238998358435401854e-03
9.877234247686057355e-04
7.386444762285658029e-04
1.114851679990473037e-03
1.157599226989359641e-03
9.570707499216789781e-04
8.402312236698312314e-04
7.066926726688462727e-04
1.008066439977418601e-03
8.625221140591240229e-04
9.468203348718293947e-04
1.220971584597339236e-03
7.705903004623030749e-04
1.204767642909384184e-03
9.457892488185914298e-04
7.417391640358874608e-04
1.007507089898899456e-03
7.622001444918535817e-04
7.997451117555832295e-04
1.015724569906829595e-03
9.639842243651026467e-04
9.384926285791847685e-04
9.714447795132841266e-04
1.028849109207840553e-03
1.086977814520184195e-03
7.177310110375743814e-04
9.729404227308807284e-04
7.671147443295660284e-04
1.005976793976787751e-03
8.188061785402906724e-04
1.112139610139966164e-03
9.057654483448122299e-04
7.832077232068637099e-04
9.971413711349714961e-04
1.223146201994915194e-03
1.188006674834959529e-03
1.399157973077171406e-03
9.954429446186743250e-04
1.007785973582104450e-03
8.887723711439499043e-04
9.668514732922874316e-04
8.227690230274947291e-04
8.676364270582697952e-04
1.484312727765706424e-03
1.152241732414185536e-03
1.416227674649323540e-03
1.065723223401534225e-03
1.147233396239438936e-03
9.232240167573141192e-04
8.664085591442590405e-04
9.153240536213832872e-04
8.090263467169225495e-04
9.895788545681517747e-04
9.460759291998455372e-04
7.792193455580730902e-04
9.177539469092093477e-04
1.105520926377236233e-03
4.109699730106085693e-04
6.722331123654625828e-04
6.171816556462810400e-04
9.943584959159490217e-04
1.114523653660996283e-03
6.950964900106501934e-04
8.758870314925428380e-04
8.954199516567303615e-04
1.260030999801483014e-03
1.114627706182583959e-03
6.062765553535077491e-04
8.462677210471620214e-04
9.119108748715720400e-04
1.357050481962500128e-03
7.108563390656789070e-04
1.527118740598892160e-03
7.268765061628746325e-04
7.110158504066437131e-04
7.223248838633838410e-04
1.252965061218685051e-03
8.590748950472683245e-04
1.573809593964910474e-03
8.822314852799351906e-04
7.345239900656403125e-04
7.276491576135779224e-04
1.639025086026203856e-03
1.053179273540330585e-03
7.269885681196893400e-04
1.143050116091559381e-03
1.027211019682691120e-03
1.276769991820126109e-03
1.209195085932397631e-03
1.202799856861458145e-03
8.855651241644168625e-04
1.028300852185167272e-03
9.189478353226433402e-04
9.042010337551151158e-04
1.125486788624929877e-03
1.143426795419700062e-03
1.089958801642283400e-03
6.499887375949339133e-04
1.024205008811813079e-03
6.300831982709966580e-04
1.117670101791281862e-03
1.072483334606685185e-03
9.997673749926102443e-04
1.165311537059480693e-03
1.212297412723524178e-03
1.061452842007181265e-03
1.351162522828052923e-03
1.131820948661125311e-03
1.284347725736876764e-03
9.285279819006742215e-04
9.158941760427803929e-04
9.310815454671662796e-04
7.535114654772620980e-04
1.076175410258872842e-03
1.303828767690939612e-03
9.937322823143040877e-04
9.763510469268667745e-04
7.300168699220369647e-04
8.049107221112512638e-04
9.115147439453627660e-04
1.222342993891160304e-03
1.076227668463063678e-03
7.958038178738069662e-04
7.451572684812502335e-04
8.328816371391603839e-04
1.536267325683314099e-03
8.287825825487396287e-04
6.198175501772456046e-04
1.077466613600716692e-03
1.067581720900413755e-03
7.099781897738515792e-04
9.821308880209379290e-04
6.597488713524365337e-04
1.038954338695142815e-03
8.255338779966164223e-04
1.037777367521250773e-03
1.003643211507763153e-03
8.343865306804764542e-04
8.438109154967712335e-04
1.122785549547003449e-03
8.339356992504444975e-04
8.464325576502652014e-04
1.362392636545155591e-03
9.532326670918546668e-04
1.024801100014246765e-03
1.122545598373215960e-03
9.017383247756026975e-04
7.534411527881600384e-04
1.108791200469012514e-03
6.331729551933849886e-04
1.042144920329481517e-03
7.387141608835223403e-04
9.729476482694514056e-04
9.244079282652293596e-04
9.457311597161355016e-04
8.879972383100695563e-04
6.717248577584355226e-04
1.193795768688370217e-03
9.817614737275754452e-04
1.413648481983539006e-03
5.105810477049927028e-04
7.299759878080535648e-04
8.278770097899365230e-04
1.014494653333128816e-03
1.054330688747842420e-03
1.651318377285767875e-03
1.068001539957294868e-03
8.638802802817889103e-04
8.053200284356366520e-04
8.822530830147443277e-04
1.278113974496963802e-03
1.101207008895072276e-03
8.188112665847952724e-04
1.384385861011337661e-03
1.073064398122608974e-03
1.051411731523788952e-03
6.631786996326742220e-04
7.855162891821502232e-04
9.962574175252569483e-04
9.118339981425971352e-04
1.039880386277172979e-03
9.170661639397107833e-04
9.204987244366810619e-04
8.964546039847321075e-04
1.023572091796971437e-03
3.035867314865455142e-03
1.062676687987776803e-03
7.497590904421748154e-04
9.781514024306920893e-04
1.114746370175758762e-03
9.199130634929397060e-04
1.334466027330179650e-03
1.300443868548217590e-03
8.862559988991091167e-04
1.118112553555598377e-03
9.349364441039282551e-04
1.232129809616194175e-03
8.885282929863914155e-04
9.582374777158527909e-04
7.188248314367747492e-04
8.273206880275729442e-04
1.057943823590668311e-03
1.064202215996075396e-03
8.859514138241588073e-04
6.982601290742649746e-04
1.057437288128663553e-03
1.103061049590816495e-03
1.342046344720652581e-03
1.052540112787435887e-03
1.326133203612162460e-03
1.249889025856928482e-03
1.019569868900779136e-03
1.113956270372066680e-03
8.443225167176688674e-04
1.217352843438800243e-03
1.058112370431613710e-03
5.247184659626380216e-04
8.854306736514388695e-04
8.179193307963393902e-04
1.576148011220338116e-03
1.523897546204315686e-03
1.416381361846750890e-03
8.613527839941691883e-04
9.201635203525556327e-04
6.829306432252970228e-04
1.019027374312235544e-03
1.096630711201399769e-03
1.125301397076640007e-03
1.032245275249453432e-03
9.484188960967759093e-04
7.036037470780440867e-04
9.423541985289060532e-04
9.224800080505622148e-04
